989
975
972
971
97
965
964
962
961
958
955
952
95
947
939
929
918
888
874
868
864
858
854
852
850
833
823
82
815
812
810
806
802
794
777
775
771
770
77
766
762
758
754
750
724
72
706
69
686
684
675
673
670
663
658
656
635
627
623
622
613
605
602
60
6
595
593
592
591
587
585
580
575
572
57
569
565
564
561
560
558
557
552
550
549
546
535
53
524
521
513
510
508
504
503
501
500
49
486
485
477
4707
4703
4696
4692
4691
4687
4683
4678
4674
4673
467
4664
4652
4632
4629
4624
462
4610
4600
46
4587
4583
4575
4563
4560
4555
455
4540
4520
452
4519
4518
4517
4501
45
4497
4494
4483
4482
4481
4473
4471
4468
4455
4453
4446
4445
4444
4439
4437
4431
4428
4427
4424
4414
4408
4403
4401
4399
4393
4383
4370
4357
4356
4347
4336
4324
4321
4320
4306
4305
4304
4303
4302
4301
4300
4297
4296
4295
4293
4291
4290
4285
4256
4253
4251
4247
4240
424
4235
4232
4226
4221
4217
4202
4200
4196
4188
4186
4169
4167
4166
4164
416
4158
4151
4150
4148
4146
414
4129
4120
412
4116
4111
4109
4102
4098
4096
4095
4093
4086
4080
4072
4069
4066
405
4047
4046
4039
4028
4023
4020
4015
4009
3992
3989
3984
3983
3980
3971
3970
3968
3962
396
3950
395
3949
3928
3924
3922
3913
3896
3893
3882
3875
3872
3871
3870
3864
3858
3851
3845
3839
3824
3822
3815
3812
3808
3807
3800
38
3797
3795
3793
3791
379
3788
3787
3786
3785
3781
3780
3778
3777
377
3752
3745
3740
3717
3712
3691
3683
3677
3675
3664
3662
3652
3646
3644
3637
3634
3633
3624
3621
3618
3615
3614
3611
3591
3584
3583
3582
3580
358
3576
3574
3571
3566
3565
3554
3545
3538
3535
3530
3521
352
3518
3515
3511
351
3495
3481
3479
3477
3472
3467
3460
3454
3450
345
3449
3446
3442
3441
3435
3430
3429
3426
3420
3417
3414
3413
3411
3406
3398
3397
3392
3386
3370
3365
3361
3350
3341
334
3339
3335
3324
3321
3314
3310
3307
3306
3298
3293
3292
3284
3273
3268
3264
3261
3257
3253
3252
3248
3242
3237
3234
3220
3214
3213
3212
3209
3208
3206
3204
3203
3198
3195
3185
3183
3182
3181
3177
3164
3150
3148
314
3132
3128
3124
3121
3109
3100
3099
3098
3090
3087
3081
3080
3079
3075
3074
3071
3066
3065
3063
3062
3059
3053
3048
3043
3035
3023
3013
3008
3000
2995
2993
2991
2987
2984
2977
2964
2951
2950
2947
2927
2917
291
2908
2905
290
2896
2893
2891
2888
2883
2881
2871
2869
2863
286
2854
2852
2850
285
2841
2838
2833
281
2809
2803
2802
2801
2778
2775
2774
2768
2760
2759
2758
2752
2742
2729
2728
2723
2722
271
2701
2685
2674
2664
2658
2645
264
263
2625
2622
2619
2615
2610
2584
2583
2575
2562
2561
2560
256
25
2473
2472
2455
2445
2440
2428
2427
2419
2417
2410
2402
2400
24
2391
2381
2378
2338
2336
2334
2333
2332
2326
2325
2322
2317
2315
2306
2304
23
2297
2295
2294
2284
2280
2268
2264
2262
2241
2228
2214
2212
2211
2201
2194
2160
2158
2144
2143
2137
2134
2131
2126
2124
2123
2114
2112
2098
2097
2088
2081
208
2061
206
2054
2027
2025
2024
177
172
170
159
139
13
127
122
121
112
1018
1015
1007
1005
