107
128
166
192
199
2005
2006
2021
2029
2034
2041
2084
2105
2107
2113
2117
2118
2157
2185
2200
2207
2226
2231
2237
227
2279
2281
2283
2296
2302
2316
232
233
2413
2540
2543
2565
2677
2703
2784
284
2851
2887
2889
2946
2990
300
3003
3010
3027
3028
304
3040
3061
3064
3111
3134
3138
3211
325
3254
3300
3320
3322
333
3351
3364
3384
3412
3416
3448
3474
360
3607
3653
3726
3734
3763
3783
3789
3792
381
3814
3823
3828
3874
391
3912
3925
3929
3951
3969
3994
3997
4079
4127
4132
4143
4154
4163
4173
4174
4180
4184
4194
4205
4208
4227
4228
4242
4279
4294
4310
4315
4338
4339
438
4396
4425
4487
4500
451
4510
4511
4521
4525
453
4556
457
4604
4621
4648
468
469
4694
4705
473
475
498
502
512
516
517
520
536
545
562
568
574
578
631
668
708
733
779
786
798
809
816
831
838
844
86
861
880
909
912
913
921
948
951
980
983
