1004
155
2032
2045
2046
2053
2075
2130
2192
2208
2230
2238
2271
2276
2318
2463
2474
2656
2683
2708
2772
2779
2849
2856
2859
2898
2958
2989
3001
3002
3077
3114
3119
3205
3216
3217
3281
3289
3325
3358
3381
3447
3497
3520
3529
3575
3595
3648
3681
3706
3762
3779
3827
3835
3836
3879
3933
3973
3993
4088
4128
4149
417
4218
422
4238
4261
4264
4318
4330
4388
4409
4459
4488
4495
4508
4522
4546
4574
4576
4577
4589
4597
4611
4622
4657
4689
478
484
491
506
579
601
608
612
620
625
67
671
674
726
748
75
76
765
780
804
808
828
855
87
872
887
938
995
996
