2198
2353
2354
2355
2362
2380
2389
2390
2405
2411
2459
2462
2466
2475
2479
2510
2512
2514
2515
2517
2519
2520
2521
2522
2551
2568
2571
2577
2579
2581
2599
2603
2613
2638
2653
2659
2660
2665
2673
2707
2714
2754
2755
2813
2820
2834
2853
2860
2884
2895
2914
2960
2973
2981
2997
3022
3034
3101
3149
3215
3337
3345
3360
3443
3444
3455
3456
3466
3480
3508
3525
3534
3536
3546
3562
3564
3598
3616
3639
3711
3754
3846
3850
3854
3863
3905
3911
3935
3981
3988
4012
4013
4055
4126
4172
4178
4220
4231
4241
4307
4436
4476
4486
4493
4656
4710
