1010
1017
110
117
130
131
149
164
179
182
185
188
19
201
2023
205
2055
207
2091
2100
2108
212
2121
2141
2168
2184
2190
2191
2196
22
2224
2246
2272
2299
2310
2313
2314
2331
2368
2422
2518
2552
2629
2649
2667
2668
2717
2732
2733
2734
2735
2743
2747
2749
2766
2785
2786
2787
2805
287
2944
2948
2952
2963
2968
298
2992
3006
3073
3088
3096
3154
3158
317
3171
3175
3189
3207
3239
3250
3269
328
3286
3312
3315
3326
3328
3349
3363
3425
343
3483
3537
3544
3553
357
3589
3630
3672
368
3682
3732
375
3756
3804
3811
3825
383
397
3999
404
4043
4078
411
4122
4212
4225
4268
429
4317
4327
4335
4340
4381
4410
4442
446
4462
4470
4523
4558
466
4661
4667
471
479
482
483
496
50
528
531
538
539
540
556
559
56
566
567
576
577
588
63
634
653
655
66
690
692
700
717
719
722
728
744
751
755
763
772
78
791
792
793
797
801
826
83
834
859
866
890
892
905
932
945
963
985
986
