101
104
106
111
132
133
142
144
145
163
184
2001
2037
2049
2070
2086
209
2111
2115
2119
2122
2147
2156
2161
2166
2171
2176
2178
2193
2206
2248
2252
2255
2274
2319
2348
2382
2388
2415
2435
2507
2544
2563
2567
2588
2626
2627
2670
2676
2706
2716
2770
2781
2788
2840
2858
2928
2953
2954
2956
2957
2999
3018
3021
3041
3082
3084
3112
3115
3118
3126
3133
3145
3178
3179
3219
3233
3275
3276
329
3297
3356
3366
3373
3378
3394
3395
3407
3408
3415
3475
3533
3557
3568
3581
3586
3590
3606
362
3666
3679
3684
3709
3710
3737
3744
3769
3770
3774
382
3903
4010
4022
4024
4063
4077
409
4152
4160
420
421
4255
4259
4260
431
432
433
4332
4360
437
4375
4387
439
444
447
449
4505
454
4578
465
4670
476
492
493
505
518
522
543
555
571
597
609
617
624
640
641
650
652
659
660
661
664
665
666
68
680
688
694
705
707
711
713
714
715
749
753
764
782
795
805
81
824
837
85
853
876
878
879
886
89
898
90
900
91
925
930
936
94
946
992
