1006
1008
1014
1021
109
126
135
15
16
194
196
2051
2062
2063
2078
2085
2090
210
2109
2120
2125
2133
2155
2159
2174
2180
2186
2225
2236
2242
2256
2270
2286
230
2312
2323
2324
2337
2341
2364
2366
2418
2421
2429
2511
2556
2580
2609
2628
2642
2646
2657
2672
2678
2684
2730
2731
2751
2761
2764
2767
2769
277
2776
2782
2791
2806
2829
283
2842
2843
2844
2857
2866
2867
2886
2890
2909
2922
293
2941
2945
2955
2962
2966
2967
2974
2980
2988
2998
3047
3068
3069
3070
3072
3083
3085
3095
3103
3104
3105
3110
3113
3120
3125
3131
3157
3170
3176
3197
3226
3251
3263
3266
3267
3270
3272
3283
3290
3294
3299
3301
3302
3309
3343
3347
3368
3369
3385
3396
3405
3422
3427
3434
3445
3457
3461
3462
3465
3469
3476
3478
348
3493
3498
3509
3524
3528
3543
3547
355
3556
356
3594
3612
363
3632
364
3660
369
3692
3695
370
371
372
373
3751
3794
380
3803
3805
3817
3841
3876
3878
388
3884
3888
3900
392
3939
3941
3943
3963
3979
398
4065
407
4073
4105
4119
4124
413
4156
4170
4171
4179
4211
4239
4246
425
4262
4313
4329
434
4371
4392
4402
4404
4405
4411
4415
442
443
448
4506
458
4588
4591
460
461
4625
463
4634
47
470
4711
474
480
481
494
51
519
52
523
526
527
529
530
532
537
542
544
554
570
583
584
586
590
596
606
614
616
632
633
639
64
657
682
689
691
696
704
710
712
718
721
723
747
757
774
784
785
790
799
813
814
821
825
835
84
841
860
862
871
873
875
877
894
896
899
906
908
917
919
926
927
928
940
98
981
982
987
99
997
